0 0.000000 0.000000
10000 0.015625 0.000000
20000 0.015625 0.000000
30000 0.031250 0.000000
40000 0.031250 0.000000
50000 0.031250 0.000000
60000 0.062500 0.000000
70000 0.062500 0.000000
80000 0.078125 0.000000
90000 0.078125 0.000000
100000 0.078125 0.000000
110000 0.078125 0.000000
120000 0.093750 0.000000
130000 0.109375 0.000000
140000 0.109375 0.000000
150000 0.125000 0.000000
160000 0.125000 0.000000
170000 0.125000 0.000000
180000 0.156250 0.000000
190000 0.140625 0.000000
200000 0.156250 0.000000
210000 0.171875 0.000000
220000 0.187500 0.000000
230000 0.171875 0.000000
240000 0.187500 0.000000
250000 0.203125 0.000000
260000 0.203125 0.000000
270000 0.218750 0.000000
280000 0.218750 0.000000
290000 0.234375 0.000000
300000 0.234375 0.000000
310000 0.234375 0.000000
320000 0.265625 0.000000
330000 0.265625 0.000000
340000 0.265625 0.000000
350000 0.281250 0.000000
360000 0.281250 0.000000
370000 0.296875 0.000000
380000 0.296875 0.000000
390000 0.312500 0.000000
400000 0.312500 0.000000
410000 0.328125 0.000000
420000 0.343750 0.000000
430000 0.343750 0.000000
440000 0.343750 0.000000
450000 0.359375 0.000000
460000 0.359375 0.000000
470000 0.375000 0.000000
480000 0.375000 0.000000
490000 0.390625 0.000000
500000 0.390625 0.000000
